#DataThief C:\Users\dayang\Desktop\M.S\Datathief\BASE.png Wednesday 8-Feb-2017 1:02:42 PM
0.0100, 0.9994
0.0201, 0.9989
0.0301, 0.9986
0.0401, 0.9984
0.0501, 0.9982
0.0601, 0.9981
0.0704, 1.0021
0.0805, 1.0061
0.0903, 1.0019
0.1001, 1.006
0.1103, 1.01
0.1208, 1.0182
0.1307, 1.0222
0.1405, 1.0222
0.1502, 1.0262
0.1606, 1.0303
0.1706, 1.022
0.1802, 1.022
0.1903, 1.0261
0.2009, 1.026
0.2109, 1.0301
0.2214, 1.0342
0.231, 1.0342
0.241, 1.0382
0.2515, 1.0382
0.2608, 1.0423
0.2704, 1.0464
0.2804, 1.0505
0.2908, 1.0546
0.3016, 1.0545
0.3109, 1.0586
0.3204, 1.0586
0.3303, 1.0586
0.3405, 1.0586
0.3509, 1.0627
0.3617, 1.0626
0.3706, 1.0667
0.382, 1.0708
0.3914, 1.0708
0.401, 1.0749
0.4108, 1.079
0.4209, 1.079
0.4313, 1.0831
0.4418, 1.083
0.4527, 1.0871
0.461, 1.083
0.4723, 1.083
0.4809, 1.0871
0.4928, 1.0871
0.5018, 1.0871
0.511, 1.0912
0.5204, 1.0912
0.53, 1.1035
0.5332, 1.0994
0.543, 1.0994
0.5529, 1.0993
0.5631, 1.1034
0.5734, 1.1034
0.5804, 1.1034
0.5911, 1.1034
0.6019, 1.1034
0.6129, 1.1075
0.6204, 1.1075
0.6318, 1.1075
0.6434, 1.1116
0.6512, 1.1116
0.6632, 1.1157
0.6713, 1.1157
0.6836, 1.1156
0.6919, 1.1197
0.7004, 1.1197
0.7132, 1.1238
0.7219, 1.1238
0.7307, 1.1238
0.7442, 1.1279
0.7532, 1.1279
0.7624, 1.1279
0.7717, 1.1279
0.7811, 1.1279
0.7907, 1.1279
0.8003, 1.1279
0.815, 1.132
0.8249, 1.132
0.835, 1.1319
0.8452, 1.1319
0.8502, 1.1319
0.8607, 1.1319
0.8712, 1.1319
0.8818, 1.1319
0.8925, 1.1319
0.9034, 1.1319
0.9144, 1.1319
0.9256, 1.1319
0.9312, 1.1319
0.9426, 1.1319
0.9541, 1.1318
0.9657, 1.1318
0.9716, 1.1318
0.9835, 1.1318
0.9954, 1.1318
1.0015, 1.1277
1.0137, 1.1277
1.0261, 1.1236
1.0323, 1.1236
1.0449, 1.1194
1.0513, 1.1153
1.0641, 1.1112
1.0706, 1.1112
1.0836, 1.1071
1.0902, 1.103
1.1035, 1.0988
1.1102, 1.0947
1.1237, 1.0906
1.1306, 1.0865
1.1444, 1.0783
1.1513, 1.0782
1.1654, 1.07
1.1724, 1.0659
1.1867, 1.0535
1.194, 1.0493
1.2012, 1.0453
1.2159, 1.0371
1.2233, 1.033
1.2307, 1.0288
1.2457, 1.0165
1.2533, 1.0083
1.2609, 1.0042
1.2763, 0.9918
1.284, 0.9877
1.2919, 0.9836
1.3075, 0.9712
1.3155, 0.967
1.3235, 0.9588
1.3316, 0.9548
1.3477, 0.9424
1.3559, 0.9383
1.3643, 0.9301
1.3726, 0.9218
1.3809, 0.9177
1.3978, 0.9013
1.4062, 0.893
1.4148, 0.8848
1.4234, 0.8766
1.4321, 0.8683
1.4408, 0.8601
1.4583, 0.8395
1.4672, 0.8272
1.4761, 0.8148
1.4851, 0.8025
1.4941, 0.7943
1.5032, 0.7819
1.5124, 0.7654
1.5215, 0.753
1.5308, 0.7367
1.5401, 0.7243
1.5589, 0.6955
1.5684, 0.6791
1.5779, 0.6625
1.5875, 0.6461
1.5972, 0.6338
1.6069, 0.6133
1.6166, 0.5968
1.6265, 0.5762
1.6364, 0.5598
1.6463, 0.5433
1.6562, 0.5228
1.6663, 0.5022
1.6764, 0.4857
1.6867, 0.4652
1.697, 0.4487
1.7073, 0.4281
1.7177, 0.4117
1.7281, 0.3911
1.7386, 0.3747
1.7492, 0.3582
1.7598, 0.3417
1.7705, 0.3253
1.7812, 0.3088
1.7921, 0.2883
1.803, 0.2759
1.814, 0.2595
1.825, 0.2471
1.8361, 0.2348
1.8473, 0.2183
1.8585, 0.206
1.8698, 0.1936
1.8812, 0.1813
1.8925, 0.169
1.9041, 0.1607
1.9157, 0.1484
1.9273, 0.1402
1.939, 0.1319
1.9508, 0.1237
1.9627, 0.1155
1.9746, 0.1072
1.9866, 0.099
1.9987, 0.0908
2.0109, 0.0867
2.0231, 0.0825
2.0354, 0.0743
2.0478, 0.0702
2.0602, 0.0661
2.0727, 0.062
2.0853, 0.062
2.098, 0.0578
2.1108, 0.0537
2.1236, 0.0496
2.1365, 0.0455
2.1495, 0.0414
2.1626, 0.0373
2.1757, 0.0331
2.1889, 0.029
2.2023, 0.0249
2.2156, 0.0208
2.2291, 8.4398e-3
2.2427, 8.4354e-3
2.2563, 8.431e-3
2.27, 8.4267e-3
2.2838, 8.4223e-3
2.2977, 8.4179e-3
2.3117, 8.4136e-3
2.3256, 4.2964e-3
2.3399, 4.292e-3
2.3541, 4.2876e-3
2.3684, 4.2833e-3
2.3828, 4.2789e-3
2.3973, 4.2745e-3
2.4119, 4.2702e-3
2.4264, 1.5297e-4
2.4413, 1.486e-4
2.4561, 1.4423e-4
2.4711, 1.3986e-4
2.4861, 1.3549e-4
2.5011, 1.3112e-4
2.5164, 1.2675e-4
2.5316, 1.2238e-4
2.5471, 1.1801e-4
2.5626, 1.1364e-4
2.5782, 1.0927e-4
2.5937, 1.049e-4
2.6096, 1.0053e-4
2.6255, 6.0167e-5
2.6414, 6.021e-5
2.6575, 6.0254e-5
2.6737, 6.0298e-5
2.6899, 6.0341e-5
2.7063, 6.0385e-5
2.7227, 6.0429e-5
2.7393, 6.0472e-5
2.7559, 6.0516e-5
2.7727, 6.056e-5
2.7894, 6.0604e-5
2.8065, 6.0647e-5
2.8235, 4.3707e-5
2.8407, 3.9336e-5
2.858, 3.4965e-5
2.8754, 3.0595e-5
2.8929, 2.6224e-5
2.9104, 2.1853e-5
2.9281, 1.7483e-5
2.9459, 1.3112e-5
2.9639, 8.7414e-6
2.9819, 4.3707e-6
3.0, 0.
