#DataThief E:\MyDownloads\Download\Datathief\SMAI.png Sunday 5-Feb-2017 9:49:49 PM
0.01, 1.0
0.0201, 1.0007
0.0303, 0.9942
0.0402, 1.0014
0.0502, 1.0016
0.0606, 1.0018
0.0706, 1.002
0.0803, 1.0021
0.0903, 1.0022
0.1004, 1.0092
0.1103, 1.0093
0.1212, 1.0094
0.1315, 1.0164
0.1412, 1.0164
0.1515, 1.0165
0.1606, 1.0166
0.1703, 1.0166
0.1807, 1.0236
0.1916, 1.0236
0.2008, 1.0237
0.2105, 1.0237
0.2206, 1.0307
0.2312, 1.0307
0.2423, 1.0239
0.251, 1.0239
0.2631, 1.0377
0.2725, 1.0378
0.2823, 1.0378
0.2924, 1.0379
0.3029, 1.0379
0.3102, 1.0448
0.3213, 1.0448
0.3328, 1.0518
0.3407, 1.0518
0.353, 1.0587
0.3613, 1.0588
0.3743, 1.0588
0.3832, 1.0657
0.3923, 1.0657
0.4017, 1.0658
0.4112, 1.0658
0.421, 1.0727
0.431, 1.0727
0.4412, 1.0727
0.4517, 1.0728
0.4625, 1.0796
0.4735, 1.0796
0.4847, 1.0796
0.4905, 1.0796
0.5021, 1.0798
0.5141, 1.0798
0.5202, 1.0867
0.5325, 1.0867
0.5452, 1.0936
0.5516, 1.0937
0.5648, 1.1006
0.5714, 1.1006
0.585, 1.1075
0.592, 1.1075
0.6059, 1.1075
0.6132, 1.1076
0.6205, 1.1145
0.6352, 1.1145
0.6427, 1.1145
0.6503, 1.1145
0.6658, 1.1214
0.6737, 1.1214
0.6816, 1.1215
0.6978, 1.1284
0.7061, 1.1284
0.7144, 1.1284
0.7229, 1.1284
0.7314, 1.1353
0.7401, 1.1353
0.7577, 1.1423
0.7666, 1.1423
0.7757, 1.1423
0.7849, 1.1423
0.7942, 1.1492
0.8035, 1.1492
0.8131, 1.1492
0.8227, 1.1492
0.8324, 1.1492
0.8422, 1.1562
0.8521, 1.1562
0.8622, 1.1562
0.8725, 1.1562
0.8828, 1.1631
0.8932, 1.1631
0.9038, 1.1631
0.9144, 1.17
0.9253, 1.17
0.9362, 1.17
0.9473, 1.177
0.9585, 1.177
0.9698, 1.177
0.9813, 1.177
0.9929, 1.177
1.0046, 1.1839
1.0165, 1.1839
1.0286, 1.1908
1.0407, 1.1908
1.053, 1.1978
1.0655, 1.2046
1.0781, 1.2046
1.0909, 1.2116
1.1038, 1.2116
1.1168, 1.2116
1.13, 1.2185
1.1434, 1.2254
1.1569, 1.2254
1.1706, 1.2254
1.1844, 1.2324
1.1985, 1.2393
1.2127, 1.2393
1.227, 1.2462
1.2416, 1.253
1.2563, 1.26
1.2711, 1.2669
1.2862, 1.2669
1.3014, 1.2738
1.3168, 1.2738
1.3324, 1.2876
1.3482, 1.2946
1.3642, 1.3014
1.3803, 1.3084
1.3966, 1.3084
1.4132, 1.3222
1.43, 1.336
1.4469, 1.336
1.4641, 1.3636
1.4815, 1.3705
1.499, 1.3912
1.5169, 1.405
1.5349, 1.4119
1.5531, 1.4188
1.5715, 1.4325
1.5901, 1.4464
1.609, 1.4602
1.628, 1.474
1.6474, 1.4809
1.667, 1.5017
1.6867, 1.5154
1.7067, 1.5293
1.7271, 1.5431
1.7477, 1.5707
1.7685, 1.5983
1.7894, 1.5983
1.8107, 1.612
1.8322, 1.6259
1.8538, 1.6397
1.8761, 1.688
1.8984, 1.7086
1.921, 1.7156
1.9439, 1.7363
1.9672, 1.7846
1.9906, 1.7984
2.0142, 1.8122
2.0382, 1.8397
2.0628, 1.895
2.0874, 1.9226
2.1123, 1.9571
2.1375, 1.9847
2.1629, 2.0054
2.1886, 2.0123
2.2147, 2.0468
2.2409, 2.0537
2.2679, 2.102
2.2952, 2.1572
2.323, 2.2399
2.351, 2.2951
2.3792, 2.3365
2.4077, 2.3779
2.4365, 2.4193
2.4658, 2.4745
2.4955, 2.5295
2.5253, 2.571
2.5554, 2.5986
2.5862, 2.6469
2.617, 2.6676
2.6479, 2.6676
2.6793, 2.6745
2.6478, 2.6606
2.6169, 2.6606
2.5864, 2.6676
2.6171, 2.6745
2.648, 2.6745
2.6792, 2.6677
2.7106, 2.6401
2.7418, 2.5642
2.7732, 2.4746
2.8039, 2.2814
2.8338, 1.9918
2.8647, 1.7643
2.8949, 1.4401
2.8606, 1.3988
2.8939, 1.3505
2.9243, 1.0333
2.9556, 0.7436
2.9886, 0.5781
3.0228, 0.4816
3.0573, 0.378
3.093, 0.3437
3.0567, 0.3299
3.092, 0.2609
3.1283, 0.2402
3.0915, 0.2195
3.1277, 0.1919
3.1644, 0.1713
3.2015, 0.1506
3.1638, 0.123
3.2009, 0.1023
3.2384, 0.0747
3.2764, 0.0541
3.315, 0.0472
3.3541, 0.0403
3.3936, 0.0265
3.4337, 0.0265
3.4742, 0.0196
3.5152, 0.0196
3.5567, 0.0128
3.5987, 0.0128
3.6412, 0.0128
3.6842, 0.0128
3.7278, 0.0128
3.7718, 0.0128
3.8164, 0.0128
3.8615, 0.0128
3.9071, 0.0129
3.9533, 0.0129
3.9999, 5.9817e-3
4.0472, 5.9935e-3
4.095, 6.0052e-3
4.1434, 6.0169e-3
4.1924, 6.0286e-3
4.2419, 6.0404e-3
4.292, 6.0521e-3
4.3428, 6.0638e-3
4.3941, 6.0756e-3
4.446, 6.0873e-3
4.4985, 6.099e-3
4.5516, 6.1107e-3
4.6055, 6.1225e-3
4.6599, 6.1342e-3
4.7149, 6.1459e-3
4.7707, 6.1577e-3
4.8271, 6.1694e-3
4.8841, 6.1811e-3
4.9418, 6.1928e-3
5.0002, 6.2046e-3
5.0593, 6.2163e-3
5.1192, 0.0131
5.1797, 0.0131
5.241, 0.0131
5.3029, 0.0132
5.3655, 0.0132
5.429, 0.0132
5.4931, 0.0132
5.558, 0.0132
5.6237, 0.0132
5.6902, 0.0132
5.7574, 0.0132
5.8254, 0.0133
5.8941, 6.3688e-3
5.9638, 6.3805e-3
6.0342, 6.3922e-3
6.1056, 6.404e-3
6.1777, 6.4157e-3
6.2507, 6.4274e-3
6.3246, 6.4392e-3
6.3993, 6.4509e-3
6.4748, 6.4626e-3
6.5514, 6.4743e-3
6.6289, 6.4861e-3
6.7072, 6.4978e-3
6.7865, 6.5095e-3
6.8667, 6.5213e-3
6.9478, 6.533e-3
7.0299, 6.5447e-3
7.1132, 0.0135
7.1972, 0.0135
7.2823, 0.0135
7.3683, 0.0135
7.4554, 0.0135
7.5434, 0.0135
7.6327, 0.0135
7.7229, 0.0135
7.8141, 0.0135
7.9064, 0.0136
7.9999, 0.0136
8.0944, 0.0136
8.1901, 0.0136
8.0942, 6.6855e-3
8.1899, 6.6972e-3
8.2866, 6.7089e-3
8.3846, 6.7206e-3
8.4837, 6.7324e-3
8.5838, 6.7441e-3
8.6853, 6.7558e-3
8.788, 6.7676e-3
8.8918, 6.7793e-3
8.9969, 6.791e-3
9.1032, 6.8027e-3
9.211, 0.0137
9.3199, 0.0137
9.43, 0.0137
9.5415, 0.0137
9.6542, 0.0138
9.7683, 0.0138
9.8837, 0.0138
10.0005, 0.0138
10.1187, 0.0138
10.2383, 0.0138
